##%FirstChunk= 0
##%LastChunk= 50
##%ChunkStart= 0
##%ChunkEnd= 47
##%DFTLength= 1024
##%ScaleFirstTDPoint= 0
##%RemoveOffset= 0
##%FilterHz= 50000
##%StepFlags= (0..100) 0 0 0 0 0 0 0 0 0 0 0 0 0 0 0 0 0 0 0 0 0 0 0 0 0 0 0 0 0 0 0 0 0 0 0 0 0 0 0 0 0 0 0 0 0 0 0 0 0 0 0 0 0 0 0 0 0 0 0 0 0 0 0 0 0 0 0 0 0 0 0 0 0 0 0 0 0 0 0 0 0 0 0 0 0 0 0 0 0 0 0 0 0 0 0 0 0 0 0 0 0 
##%PhaseCorrFlags= (0..100) 1 1 1 1 1 1 1 1 1 1 1 1 1 1 1 1 1 1 1 1 1 1 1 1 1 1 1 1 1 1 1 1 1 1 1 1 1 1 1 1 1 1 1 1 1 1 1 1 1 1 1 1 1 1 1 1 1 1 1 1 1 1 1 1 1 1 1 1 1 1 1 1 1 1 1 1 1 1 1 1 1 1 1 1 1 1 1 1 1 1 1 1 1 1 1 1 1 1 1 1 1 
##%PhaseCorr0= (0..100) 77.257 77.256 77.256 77.258 77.258 77.258 77.258 77.258 77.257 77.258 77.257 77.257 77.256 77.258 77.257 77.257 77.258 77.257 77.257 77.257 77.258 77.258 77.258 77.258 77.258 77.259 77.258 77.259 77.259 77.259 77.259 77.26 77.26 77.26 77.261 77.261 77.259 77.258 77.257 77.257 77.257 77.257 77.256 77.256 77.255 77.254 77.254 77.256 77.257 77.258 77.258 77.259 77.26 77.26 77.262 77.261 77.259 77.258 77.257 77.257 77.257 77.257 77.256 77.256 77.254 77.252 77.251 77.252 77.253 77.253 77.253 77.254 77.254 77.254 77.254 77.255 77.255 77.255 77.255 77.255 77.255 77.255 77.256 77.256 77.256 77.255 77.255 77.256 77.256 77.256 77.256 77.256 77.256 77.256 77.254 77.256 77.256 77.255 77.257 77.257 77.257 
##%PhaseCorr1= (0..100) 12 12 12 12 12 12 12 12 12 12 12 12 12 12 12 12 12 12 12 12 12 12 12 12 12 12 12 12 12 12 12 12 12 12 12 12 12 12 12 12 12 12 12 12 12 12 12 12 12 12 12 12 12 12 12 12 12 12 12 12 12 12 12 12 12 12 12 12 12 12 12 12 12 12 12 12 12 12 12 12 12 12 12 12 12 12 12 12 12 12 12 12 12 12 12 12 12 12 12 12 12 
##%PhaseCorr1Ref= (0..100) 0 0 0 0 0 0 0 0 0 0 0 0 0 0 0 0 0 0 0 0 0 0 0 0 0 0 0 0 0 0 0 0 0 0 0 0 0 0 0 0 0 0 0 0 0 0 0 0 0 0 0 0 0 0 0 0 0 0 0 0 0 0 0 0 0 0 0 0 0 0 0 0 0 0 0 0 0 0 0 0 0 0 0 0 0 0 0 0 0 0 0 0 0 0 0 0 0 0 0 0 0 
