##TITLE= Simulated simplified sample dataset - inversion recovery
##JCAMPDX= 5.0
##DATATYPE= Parameter Values
##NPOINTS= 1
##ORIGIN= Simulation
##OWNER= user
##$ACQT0= 0
##$ANAVPT= -1
##$AQSEQ= 0
##$AQ_mod= 3
##$AUNM= <au_zg>
##$BYTORDA= 0
##$CNST= (0..63)
1 1 1 1 1 1 1 1 1 1 1 1 1 1 1 1 1 1 1 1 1 1 1 1 1 1 1 1 1 1 1 1
1 1 1 1 1 1 1 1 1 1 1 1 1 1 1 1 1 1 1 1 1 1 1 1 1 1 1 1 1 1 1 1
##$D= (0..63)
0 10 0 0 0 0 6e-006 0 0 0 0 0 0 0 0 0 0 0 0 0 0 0 0 0 0 0 0 0 0 0 0
0 0 0 0 0 0 0 0 0 0 0 0 0 0 0 0 0 0 0 0 0 0 0 0 0 0 0 0 0 0 0 0 0
##$DATE= 1600000000
##$DE= 5
##$DECIM= 10
##$DECSTAT= 4
##$DIGMOD= 1
##$DIGTYP= 12
##$DQDMODE= 0
##$DR= 18
##$DS= 0
##$DSPFIRM= 1
##$DSPFVS= 21
##$DTYPA= 0
##$FQ1LIST= <>
##$FQ2LIST= <>
##$FQ3LIST= <>
##$FQ4LIST= <>
##$FQ5LIST= <>
##$FQ6LIST= <>
##$FQ7LIST= <>
##$FQ8LIST= <>
##$FW= 4032000
##$GRPDLY= 2.45001220703125
##$L= (0..31)
1 1 1 1 1 1 1 1 1 1 1 1 1 1 1 1 1 1 1 1 1 1 1 1 1 1 1 1 1 1 1 1
##$NS= 32
##$P= (0..63)
0 1 2 0 0 0 0 0 0 0 0 0 0 0 0 0 0 0 0 0 0 0 0 0 0 0 0 0 0 0 0 0
0 0 0 0 0 0 0 0 0 0 0 0 0 0 0 0 0 0 0 0 0 0 0 0 0 0 0 0 0 0 0 0
##$PARMODE= 1
##$PL= (0..63)
120 120 120 120 120 120 120 120 120 120 120 120 120 120 120 120
120 120 120 120 120 120 120 120 120 120 120 120 120 120 120 120
120 120 120 120 120 120 120 120 120 120 120 120 120 120 120 120
120 120 120 120 120 120 120 120 120 120 120 120 120 120 120 120
##$PLW= (0..63)
0 2 0 0 0 0 0 0 0 0 0 0 0 0 0 0 0 0 0 0 0 0 0 0 0 0 0 0 0 0 0 0
0 0 0 0 0 0 0 0 0 0 0 0 0 0 0 0 0 0 0 0 0 0 0 0 0 0 0 0 0 0 0 0
##$PULPROG= <t1ir_echo_custom>
##$RG= 45.2
##$SFO1= 100
##$SFO2= 500
##$SFO3= 500
##$SFO4= 500
##$SFO5= 500
##$SFO6= 500
##$SFO7= 500
##$SFO8= 500
##$SW= 20000
##$SW_h= 2000000
##$TD= 2048
##$TD0= 1
##$TD_INDIRECT= (0..7)
0 16 0 0 0 0 0 0
##$VALIST= <>
##$VCLIST= <>
##$VDLIST= <t1ir_delays>
##$VPLIST= <>
##$VTLIST= <>
##END=
